2605 2070

5214 2071

5654 2072

6045 2073

6067 2074

6066 2075

6073 2076

6072 2077

6095 2078

6112 2079

6135 2080

6138 2081

6148 2082

6162 2083

6169 2084

6178 2085

6179 2086

6180 2087

6181 2088

6196 2089

6206 2090

6207 2091

6378 2092

6379 202

6413 203

6414 204

6706 205

6707 206

6721 207

6720 208

6739 209

6774 210

6788 211

6787 212

6805 213

6804 214

6848 215

6847 216

6854 217

6853 218

6867 219

6869 220

6872 221

6874 222

6886 223

6885 224

6910 225

6909 226

7111 227

7112 228

7131 229

7132 230

7145 231

7146 232

7160 233

7174 234

7175 235

7189 236

7190 237

7192 238

7193 239

7206 240

7207 241

7282 242

7283 243

7294 244

7295 245

7307 246

7308 247

7320 248

7321 249

7343 250

7358 251

7371 252

7390 253

7407 254

7408 255

7422 256

7423 257

7425 258

7426 259

7428 260

7429 261

7440 262

7441 263

7450 264

7451 265

7452 266

7453 267

7454 268

7455 269

7456 270

7457 271

7458 272

7459 273

7460 274

7461 275

7462 276

7463 277

7470 278

7471 279

7472 280

7473 281

7482 282

7483 283

7503 284

7504 285

7506 286

7507 287

7509 288

7510 289

7511 290

7512 291

7513 292

7514 293

7516 294

7517 295

7532 296

7533 297

7534 298

7535 299

7536 300

7554 301

7555 302

7556 303

7557 304

7558 305

7559 306

7560 307

7561 308

7562 309

7563 310

7564 311

7565 312

7566 313

7567 314

7572 315

7573 316

7576 317

7587 318

7588 319

7590 320

7591 321

7593 322

7594 323

7595 324

7596 325

7605 326
